0 5.81258
1 24.6763
2 8.95865
3 11.1326
4 6.78335
5 6.22056
6 4.4677
7 3.71541
8 2.82166
9 2.26516
10 1.75528
11 1.39015
12 1.08554
13 0.855202
14 0.66992
15 0.526732
16 0.413226
17 0.324719
18 0.254967
19 0.200366
20 0.157429
21 0.123755
22 0.0972922
23 0.0765157
24 0.0601874
25 0.0473581
26 0.0372721
27 0.0293425
28 0.0231056
29 0.0181992
30 0.0143383
31 0.0112993
32 0.00890659
33 0.00702226
34 0.00553791
35 0.00436833
36 0.00344654
37 0.00271987
38 0.00214688
39 0.00169496
40 0.00133845
41 0.00105714
42 0.000835119
43 0.000659856
44 0.000521472
45 0.000412187
46 0.000325863
47 0.000257663
48 0.000203772
49 0.00016118
50 0.000127511
51 0.000100891
52 7.98414e-05
53 6.3193e-05
54 5.00237e-05
55 3.96046e-05
56 3.13602e-05
57 2.48354e-05
58 1.96709e-05
59 1.55825e-05
60 1.23454e-05
61 9.78203e-06
62 7.7519e-06
63 6.14385e-06
64 4.86997e-06
65 3.86067e-06
66 3.0609e-06
67 2.42709e-06
68 1.92474e-06
69 1.52652e-06
70 1.21083e-06
71 9.6052e-07
72 7.62036e-07
73 6.04628e-07
74 4.79782e-07
75 3.80752e-07
76 3.02191e-07
77 2.39862e-07
78 1.90406e-07
79 1.51161e-07
80 1.20015e-07
81 9.52954e-08
82 7.56735e-08
83 6.00969e-08
84 4.77305e-08
85 3.79119e-08
86 3.01154e-08
87 2.39241e-08
88 1.90071e-08
89 1.51018e-08
90 1.19998e-08
91 9.53566e-09
92 7.57807e-09
93 6.02277e-09
94 4.78701e-09
95 3.80506e-09
96 3.02474e-09
97 2.4046e-09
98 1.91173e-09
99 1.51997e-09
100 1.20857e-09
101 9.61027e-10
102 7.64231e-10
103 6.07773e-10
104 4.83375e-10
105 3.8446e-10
106 3.05803e-10
107 2.43251e-10
108 1.93506e-10
109 1.53939e-10
110 1.22469e-10
111 9.74367e-11
112 7.75273e-11
113 6.16893e-11
114 4.90914e-11
115 3.90656e-11
116 3.10898e-11
117 2.47447e-11
118 1.96927e-11
119 1.56781e-11
120 1.24771e-11
121 9.93339e-12
122 7.90834e-12
123 6.29541e-12
124 5.00933e-12
125 3.98614e-12
126 3.17613e-12
127 2.52243e-12
128 2.01439e-12
129 1.59872e-12
130 1.27898e-12
131 1.01608e-12
132 8.06466e-13
133 6.43041e-13
134 5.11591e-13
135 4.12115e-13
136 3.23297e-13
137 2.59348e-13
138 2.0961e-13
139 1.63425e-13
140 1.35003e-13
141 1.03029e-13
142 8.52651e-14
143 7.10543e-14
144 5.32907e-14
145 4.26326e-14
146 3.55271e-14
147 2.84217e-14
148 2.4869e-14
149 1.77636e-14
150 1.42109e-14
151 1.42109e-14
152 1.06581e-14
153 7.10543e-15
154 7.10543e-15
155 3.55271e-15
156 7.10543e-15
157 0
158 7.10543e-15
159 0
160 7.10543e-15
161 0
162 7.10543e-15
163 0
164 7.10543e-15
165 0
166 7.10543e-15
167 0
168 7.10543e-15
169 0
170 7.10543e-15
171 0
172 7.10543e-15
